
reuse =

     1

Looking for optimal control with norm 2:

ans =

   -0.0000
   -0.0000
   -0.0000
    0.0000
   -0.0000
   -0.0000
    0.0000
    0.0128


ans =

         0
    0.2506
    0.0844
   -0.9644
    0.1603
    0.0540
   -0.6171

                                            First-order      Norm of
 Iter F-count            f(x)  Feasibility   optimality         step
    0      37    2.559558e+00    1.277e-02    2.847e-06
    1      74    2.559553e+00    1.399e-03    1.361e-03    2.348e-02
    2     111    2.559558e+00    1.320e-04    9.599e-05    6.022e-04
    3     149    2.559558e+00    5.172e-05    3.263e-05    5.256e-05

<a href = "matlab: helpview([docroot '/toolbox/optim/msg_csh/optim_msg_csh.map'],'local_min_found','CSHelpWindow');">Local minimum found that satisfies the constraints</a>.

Optimization completed because the objective function is non-decreasing in 
<a href = "matlab: helpview([docroot '/toolbox/optim/msg_csh/optim_msg_csh.map'],'feasible_directions','CSHelpWindow');">feasible directions</a>, to within the selected value of the <a href = "matlab: helpview([docroot '/toolbox/optim/msg_csh/optim_msg_csh.map'],'optimality_tolerance_msgcsh','CSHelpWindow');">optimality tolerance</a>,
and constraints are satisfied to within the selected value of the <a href = "matlab: helpview([docroot '/toolbox/optim/msg_csh/optim_msg_csh.map'],'constraint_tolerance','CSHelpWindow');">constraint tolerance</a>.

<<a href = "matlab: createExitMsg('barrier',1.000000e+00,true,true,'fmincon',3.263183e-05,'selected',1.000000e+00,5.172207e-05,'selected',1.000000e-04,0.000000e+00,'',0.000000e+00);">stopping criteria details</a>>

Elapsed time is 11.051731 seconds.

f =

   1.0e-04 *

         0
         0
         0
         0
         0
         0
         0
   -0.0000
    0.3021
   -0.2112
    0.0600
    0.0959
   -0.5749
   -0.0251
    0.0018


ans =

   -0.0006
    0.2474
    0.0833
   -0.9523
    0.1583
    0.0533
   -0.6093


reuse =

     1

Looking for optimal control with norm 2.1:

ans =

   -0.0077
   -0.0767
    0.0501
   -0.0142
    0.0097
    0.1703
    0.0229
    0.0000


ans =

   -0.0006
    0.2474
    0.0833
   -0.9523
    0.1583
    0.0533
   -0.6093

                                            First-order      Norm of
 Iter F-count            f(x)  Feasibility   optimality         step
    0      37    2.559558e+00    1.703e-01    2.797e-06
    1      75    2.552298e+00    8.461e-02    1.804e-01    1.076e-01
    2     113    2.551128e+00    4.239e-02    4.061e-01    4.098e-02
    3     151    2.551097e+00    2.128e-02    3.446e-01    2.148e-02
    4     189    2.551210e+00    1.069e-02    3.295e-01    1.058e-02
    5     227    2.551302e+00    5.368e-03    3.243e-01    5.258e-03
    6     265    2.551358e+00    2.697e-03    3.222e-01    2.624e-03
    7     303    2.551389e+00    1.355e-03    3.212e-01    1.311e-03
    8     341    2.551406e+00    6.807e-04    3.207e-01    6.554e-04
    9     379    2.551414e+00    3.420e-04    3.204e-01    3.276e-04
   10     417    2.551419e+00    1.718e-04    3.203e-01    1.637e-04
   11     455    2.551421e+00    8.634e-05    3.202e-01    8.177e-05

<a href = "matlab: helpview([docroot '/toolbox/optim/msg_csh/optim_msg_csh.map'],'local_min_found','CSHelpWindow');">Local minimum found that satisfies the constraints</a>.

Optimization completed because the objective function is non-decreasing in 
<a href = "matlab: helpview([docroot '/toolbox/optim/msg_csh/optim_msg_csh.map'],'feasible_directions','CSHelpWindow');">feasible directions</a>, to within the selected value of the <a href = "matlab: helpview([docroot '/toolbox/optim/msg_csh/optim_msg_csh.map'],'optimality_tolerance_msgcsh','CSHelpWindow');">optimality tolerance</a>,
and constraints are satisfied to within the selected value of the <a href = "matlab: helpview([docroot '/toolbox/optim/msg_csh/optim_msg_csh.map'],'constraint_tolerance','CSHelpWindow');">constraint tolerance</a>.

<<a href = "matlab: createExitMsg('barrier',1.000000e+00,true,true,'fmincon',3.202472e-01,'selected',1.000000e+00,8.633742e-05,'selected',1.000000e-04,0.000000e+00,'',0.000000e+00);">stopping criteria details</a>>

Elapsed time is 49.833139 seconds.

f =

   1.0e-04 *

         0
         0
         0
         0
         0
         0
         0
   -0.0208
   -0.3942
    0.2174
   -0.0632
   -0.0143
    0.8563
    0.1282
    0.0130


ans =

   -0.0362
    0.2396
    0.0448
   -0.9577
    0.1486
    0.0342
   -0.6116


reuse =

     1

Looking for optimal control with norm 2.2:

ans =

   -0.0069
   -0.0764
    0.0598
   -0.0148
    0.0184
    0.1816
    0.0219
    0.0000


ans =

   -0.0362
    0.2396
    0.0448
   -0.9577
    0.1486
    0.0342
   -0.6116

                                            First-order      Norm of
 Iter F-count            f(x)  Feasibility   optimality         step
    0      37    2.551421e+00    1.816e-01    8.397e-08
    1      75    2.544933e+00    9.031e-02    2.912e-01    8.549e-02
    2     113    2.544063e+00    4.521e-02    2.699e-01    4.405e-02
    3     151    2.544106e+00    2.267e-02    2.712e-01    2.149e-02
    4     189    2.544254e+00    1.138e-02    2.739e-01    1.070e-02
    5     227    2.544362e+00    5.714e-03    2.756e-01    5.241e-03
    6     265    2.544425e+00    2.870e-03    2.765e-01    2.609e-03
    7     303    2.544459e+00    1.442e-03    2.770e-01    1.303e-03
    8     341    2.544477e+00    7.244e-04    2.773e-01    6.513e-04
    9     379    2.544486e+00    3.640e-04    2.774e-01    3.254e-04
   10     417    2.544491e+00    1.829e-04    2.774e-01    1.625e-04
   11     455    2.544493e+00    9.187e-05    2.775e-01    8.109e-05

<a href = "matlab: helpview([docroot '/toolbox/optim/msg_csh/optim_msg_csh.map'],'local_min_found','CSHelpWindow');">Local minimum found that satisfies the constraints</a>.

Optimization completed because the objective function is non-decreasing in 
<a href = "matlab: helpview([docroot '/toolbox/optim/msg_csh/optim_msg_csh.map'],'feasible_directions','CSHelpWindow');">feasible directions</a>, to within the selected value of the <a href = "matlab: helpview([docroot '/toolbox/optim/msg_csh/optim_msg_csh.map'],'optimality_tolerance_msgcsh','CSHelpWindow');">optimality tolerance</a>,
and constraints are satisfied to within the selected value of the <a href = "matlab: helpview([docroot '/toolbox/optim/msg_csh/optim_msg_csh.map'],'constraint_tolerance','CSHelpWindow');">constraint tolerance</a>.

<<a href = "matlab: createExitMsg('barrier',1.000000e+00,true,true,'fmincon',2.774570e-01,'selected',1.000000e+00,9.186802e-05,'selected',1.000000e-04,0.000000e+00,'',0.000000e+00);">stopping criteria details</a>>

Elapsed time is 53.969411 seconds.

f =

   1.0e-04 *

         0
         0
         0
         0
         0
         0
         0
   -0.0157
   -0.3497
    0.2215
   -0.0563
    0.0225
    0.8147
    0.1130
    0.0051


ans =

   -0.0322
    0.2310
    0.0115
   -0.9623
    0.1397
    0.0184
   -0.6134


reuse =

     1

Looking for optimal control with norm 2.3:

ans =

   -0.0057
   -0.0714
    0.0681
   -0.0141
    0.0318
    0.1848
    0.0211
    0.0000


